43 74
60 95
46 90
84 87
13 61
62 97
0 90
4 23
94 99
28 70
7 13
80 97
5 65
79 98
56 63
42 50
70 82
91 96
74 88
10 85
60 87
15 81
28 71
82 99
59 67
43 85
4 27
56 94
13 58
66 94
32 38
23 56
53 83
2 12
88 92
68 79
75 85
19 96
70 98
11 48
41 54
32 40
61 62
55 70
28 72
26 30
60 93
55 96
49 80
47 84
33 59
39 47
54 58
10 41
56 84
77 100
14 24
3 60
14 33
84 96
73 89
34 81
20 24
71 72
58 79
38 39
44 84
74 87
49 88
95 98
90 93
53 54
9 100
91 97
93 97
85 97
67 77
54 83
32 47
62 71
35 98
48 70
4 10
0 76
11 82
70 88
43 71
93 97
83 84
58 78
37 94
18 60
68 74
29 68
55 88
50 85
64 67
59 84
92 96
44 60
